5.1|& Teller 2
